0.0 2.236068005568531
0.01 2.2498876430708026
0.02 2.263707307772906
0.03 2.2775269694510922
0.04 2.291346632366014
0.05 2.305166295580404
0.06 2.3189859443508
0.07 2.3328056187376336
0.08 2.34662527547945
0.09 2.3604449307339688
0.1 2.374264599280154
0.11 2.3880842539851233
0.12 2.401903903372309
0.13 2.415723579180177
0.14 2.4295432317512127
0.15 2.4433628834756105
0.16 2.457182555749625
0.17 2.471002219422593
0.18 2.484821866549324
0.19 2.4986415264318995
0.2 2.5124611861003245
0.21 2.526280851768353
0.22 2.540100506430073
0.23 2.553920170416323
0.24 2.5677398326113137
0.25 2.5815594912293194
0.26 2.5953791524039582
0.27 2.609198812528388
0.28 2.623018471442827
0.29 2.636838139687488
0.3 2.650657796725345
0.31 2.6644774506778703
0.32 2.678297112134419
0.33 2.692116774719033
0.34 2.705936430841423
0.35 2.719756097438539
0.36 2.7335757608708118
0.37 2.747395411426646
0.38 2.761215070891709
0.39 2.775034740490296
0.4 2.7888544007659504
0.41 2.8026740507837626
0.42 2.816493715254509
0.43 2.830313378398985
0.44 2.8441330316683895
0.45 2.8579527042612383
0.46 2.871772360760019
0.47 2.885592012990216
0.48 2.8994116735485256
0.49 2.9132313339979157
0.5 2.9270509943419243
0.51 2.940870655451537
0.52 2.9546903130501954
0.53 2.9685099734757574
0.54 2.9823296318564463
0.55 2.9961493049261954
0.56 3.0099689578647064
0.57 3.0237886245968215
0.58 3.037608273488419
0.59 3.051427938317309
0.6 3.06524759429357
0.61 3.0790672561338717
0.62 3.092886918583493
0.63 3.106706576158865
0.64 3.1205262387387758
0.65 3.134345902723356
0.66 3.1481655654556175
0.67 3.1619852182395145
0.68 3.175804878132555
0.69 3.1896245295373893
0.70 3.203444192755755
0.71 3.2172638575882764
0.72 3.231083517934369
0.73 3.2449031703707516
0.74 3.2587228368966037
0.75 3.2725424948589215
0.76 3.2863621507824057
0.77 3.30018182380135
0.78 3.3140014832963915
0.79 3.327821145374009
0.8 3.3416407962722907
0.81 3.355460456726803
0.82 3.369280119350044
0.83 3.383099785192075
0.84 3.396919442368245
0.85 3.4107390927955645
0.86 3.4245587583955235
0.87 3.4383784264406314
0.88 3.452198078799588
0.89 3.4660177360900257
0.9 3.479837399232013
0.91 3.493657054876488
0.92 3.507476720985232
0.93 3.521296379385422
0.94 3.5351160352863786
0.95 3.5489357168793885
0.96 3.5627553644126198
0.97 3.5765750274368364
0.98 3.5903946711969277
0.99 3.6042143480651294
1.0 3.618034001451656
